16
32
50
66
83
100
116
133
150
166
183
200
216
232
250
266
283
300
316
332
350
366
383
400
416
432
450
475
500
516
532
550
566
583
600
616
632
650
666
683
700
716
732
750
766
783
800
816
832
850
866
883
900
916
932
950
966
983
1000
1016
1032
1050
1066
1083
1100
1112
1125
1137
1150
1166
1183
1200
1216
1232
1250
1266
1283
1300
1316
1332
1350
1366
1383
1400
1416
1432
1450
1462
1475
1487
1500
1516
1532
1550
1566
1583
1600
1616
1632
1650
1662
1675
1687
1700
1716
1732
1750
1766
1783
1800
1812
1825
1837
1850
1866
1883
1900
1916
1932
1950
1962
1975
1987
2000
2016
2032
2050
2062
2075
2087
2100
2116
2132
2150
2166
2183
2200
2212
2225
2237
2250
2266
2283
2300
2312
2325
2337
2350
2366
2383
2400
2412
2425
2437
2450
2462
2475
2487
2500
2516
2532
2550
2562
2575
2587
2600
2616
2632
2650
2662
2675
2687
2700
2712
2725
2737
2750
2766
2782
2800
2812
2825
2837
2850
2862
2875
2887
2900
2916
2932
2950
2966
2982
3000
3012
3025
3037
3050
3062
3075
3087
3100
3112
3125
3137
3150
3162
3175
3187
3200
3216
3232
3250
3262
3275
3287
3300
3312
3325
3337
3350
3362
3375
3387
3400
3412
3425
3437
3450
3462
3475
3487
3500
3512
3525
3537
3550
3562
3575
3587
3600
3612
3625
3637
3650
3662
3675
3687
3700
3712
3725
3737
3750
3762
3775
3787
3800
3810
3820
3830
3840
3850
3862
3875
3887
3900
3912
3925
3937
3950
3962
3975
3987
4000